Document 741299 contains 96 terms.
lead: 0.024262883102021612
car: 0.024262883102021612
lehto: 0.02314155872355825
soper: 0.02314155872355825
victori: 0.02314155872355825
german: 0.02314155872355825
schneider: 0.02314155872355825
second: 0.02314155872355825
struggl: 0.02314155872355825
race: 0.02314155872355825

Document 741309 contains 62 terms.
under: 0.10832755179844905
australia: 0.08856096511515561
tee: 0.044280482557577806
peter: 0.044280482557577806
tom: 0.044280482557577806
over: 0.03524195122592905
british: 0.03095072908527116
troon: 0.022140241278788903
scotland: 0.022140241278788903
leaderboard: 0.022140241278788903

Document 780718 contains 30 terms.
adopt: 0.08607794740164657
eec: 0.08607794740164657
direct: 0.06455846055123493
council: 0.06016590326856449
european: 0.04500832913367985
act: 0.04303897370082328
procedur: 0.04303897370082328
refer: 0.04303897370082328
articl: 0.04303897370082328
treati: 0.04303897370082328

Document 780723 contains 72 terms.
gold: 0.03713846924183945
lme: 0.03713846924183945
cash: 0.03713846924183945
quarter: 0.03713846924183945
toronto: 0.029557765544327583
chang: 0.025958676007001618
network: 0.025958676007001618
stock: 0.01941891619880542
trade: 0.01941891619880542
million: 0.01941891619880542

Document 783802 contains 56 terms.
fashion: 0.09594104554141858
british: 0.0670599130180875
award: 0.05364793041447001
channel: 0.04023594781085251
event: 0.03837641821656743
televis: 0.026823965207235005
right: 0.026823965207235005
newest: 0.019188209108283717
terrestri: 0.019188209108283717
exclus: 0.019188209108283717

Document 783803 contains 200 terms.
pari: 0.04699153251008257
french: 0.03759322600806606
news: 0.02819491950604954
franc: 0.026276537345862865
amp: 0.023495766255041284
advertis: 0.019707403009397145
media: 0.01879661300403303
made: 0.01879661300403303
more: 0.01879661300403303
europ: 0.01879661300403303

Document 807600 contains 158 terms.
insur: 0.03888976368335187
great: 0.03290672311668235
west: 0.03290672311668235
bid: 0.026923682550012828
bank: 0.02384399674021965
billion: 0.017949121700008553
offer: 0.017949121700008553
financi: 0.017949121700008553
canada: 0.017902941328266708
analyst: 0.017119591769472458

Document 807606 contains 60 terms.
bid: 0.0602463389681214
insur: 0.04303309926294386
great: 0.04303309926294386
west: 0.04303309926294386
bank: 0.029399702626978243
trilon: 0.025819859557766316
stake: 0.025819859557766316
offer: 0.025819859557766316
myhal: 0.024626578534695676
per: 0.024626578534695676

Document 809481 contains 64 terms.
dynatec: 0.12199126320498256
sherritt: 0.0762445395031141
intern: 0.03197558766425365
interest: 0.03197558766425365
compani: 0.03034075271106474
secur: 0.021317058442835764
corp: 0.018204451626638845
canadian: 0.015946659659946173
trade: 0.015946659659946173
wholli: 0.01524890790062282

Document 809495 contains 243 terms.
israel: 0.0425798096855229
lebanon: 0.03602906973390399
isra: 0.02947832978228508
attack: 0.02620295980647563
hizbollah: 0.022927589830666176
civilian: 0.022927589830666176
rocket: 0.016376849879047268
netanyahu: 0.016376849879047268
palestinian: 0.016376849879047268
pro: 0.013101479903237815

